systematic name	pearson correlation	average of first 90 nt	number of peaks	peakwidth	start of peak [nt]	maximal peak height	average peak height	
YAL012W	0.954445386699	3.2444947098997967	1	47	1030	34.9253731343284	5.94168904248		
YAL012W	0.954445386699	3.100149521559317	1	46	1030	12.681816693011198	4.58534839477		
YAL021C	0.704179766801	1.338229777159053	1	25	1690	22.797232472781605	6.85379531034		
YAL021C	0.704179766801	1.3889641130301302	1	25	1690	21.834653165563974	6.71723562885		
YAR015W	0.92616047911	6.40794957583508	2	27	698	21.899489427910837	7.8138699681		20	735	25.54940433256264	8.56089294765		
YAR015W	0.92616047911	6.225481557824164	2	27	698	23.602269956437507	6.58496914004		20	735	20.784088469101686	8.29083287189		
YAL038W	0.965145111335	51.25817388699909	5	61	265	6.722380585582582	3.60916231477		30	643	3.5039183084657344	2.60814813331		36	968	5.35320852682265	3.06539295742		44	1159	8.467802578792192	3.14830393088		40	1433	5.10988086651253	2.57716819553		
YAL038W	0.965145111335	51.28725621536172	5	61	265	7.702070833586166	3.45308806024		30	643	6.452995110206455	2.64330722824		30	968	6.340908346505599	3.31002169331		44	1159	5.673838792322385	3.04226959594		39	1433	4.79482266942553	2.62245138334		
YAL003W	0.972672516642	15.859283843166931	2	60	501	50.003834193729745	7.49535353345		37	555	9.152863530126838	3.21638058379		
YAL003W	0.972672516642	15.204211566603947	2	52	501	12.799240921650192	5.51837376424		37	555	5.9886356605886215	2.73244846536		
YAL005C	0.938381024988	7.651196480062212	2	76	782	14.234668128142044	3.68683117345		58	1174	10.219761733025058	3.8083305682		
YAL005C	0.938381024988	8.073867667017518	2	76	782	10.920453263426309	3.73987260078		58	1174	14.046873350939485	4.65372606896		
YAL039C	0.760303301994	0.8329049953550792	1	16	579	23.54679615478912	7.81084481273		
YAL039C	0.760303301994	0.6929803639975018	1	24	579	35.011150379478764	13.0158093801		
